Generate svg files for BERT
Loading json activations from /work/LAS/jannesar-lab/arushi/Interpretability/interpretability-of-source-code-transformers/Clone-Detection/dataset/stratified/activations/bert/train_activations.json...
90032 13.0
Length of BERT activations: 90032
The number of neurons for each token in BERT: 9984
Total number of tokens:90032
hsic_matrix:
[[ 1.00000000e+00  9.60450796e-04  8.75003253e-04 -1.07278065e-03
   3.34537956e-04  8.67504459e-04 -1.33264089e-04 -4.94563145e-05
   1.94891806e-04  4.06516965e-05 -7.76212284e-05  5.10825397e-07
  -4.54279282e-05]
 [ 9.60452404e-04  1.00000000e+00  9.06985460e-01  8.91842919e-01
   7.41741926e-01  7.72643121e-01  6.96542747e-01  7.04804370e-01
   6.33108018e-01  5.77955581e-01  4.67003938e-01  4.10038400e-01
   3.88331763e-01]
 [ 8.75003095e-04  9.06985460e-01  1.00000000e+00  9.91070534e-01
   8.50924148e-01  8.87591819e-01  8.06133616e-01  7.98373849e-01
   7.14586478e-01  6.57677378e-01  5.49209922e-01  4.96879385e-01
   4.86988770e-01]
 [-1.07278073e-03  8.91842919e-01  9.91070534e-01  1.00000000e+00
   8.80749715e-01  9.08021950e-01  8.17902605e-01  8.07308922e-01
   7.15925353e-01  6.62556850e-01  5.61184865e-01  5.22037448e-01
   5.16270152e-01]
 [ 3.34537822e-04  7.41741926e-01  8.50924148e-01  8.80749715e-01
   1.00000000e+00  9.74903541e-01  8.37931523e-01  8.04665562e-01
   6.99414378e-01  6.68323723e-01  5.99790278e-01  5.97686024e-01
   6.38627181e-01]
 [ 8.67504945e-04  7.72643121e-01  8.87591819e-01  9.08021950e-01
   9.74903541e-01  1.00000000e+00  9.05473573e-01  8.68838254e-01
   7.69141101e-01  7.30987120e-01  6.46624761e-01  6.25518724e-01
   6.52067104e-01]
 [-1.33264019e-04  6.96542747e-01  8.06133616e-01  8.17902605e-01
   8.37931523e-01  9.05473573e-01  1.00000000e+00  9.73582522e-01
   9.27468813e-01  8.99513114e-01  7.85887075e-01  7.17651899e-01
   6.87056703e-01]
 [-4.94562730e-05  7.04804370e-01  7.98373849e-01  8.07308922e-01
   8.04665562e-01  8.68838254e-01  9.73582522e-01  1.00000000e+00
   9.70537743e-01  9.43558352e-01  8.26493695e-01  7.33429313e-01
   6.77268552e-01]
 [ 1.94891773e-04  6.33108018e-01  7.14586478e-01  7.15925353e-01
   6.99414378e-01  7.69141101e-01  9.27468813e-01  9.70537743e-01
   1.00000000e+00  9.83184094e-01  8.54898974e-01  7.21036957e-01
   6.32872718e-01]
 [ 4.06516910e-05  5.77955581e-01  6.57677378e-01  6.62556850e-01
   6.68323723e-01  7.30987120e-01  8.99513114e-01  9.43558352e-01
   9.83184094e-01  1.00000000e+00  9.10750078e-01  7.92277084e-01
   6.95400301e-01]
 [-7.76212479e-05  4.67003938e-01  5.49209922e-01  5.61184865e-01
   5.99790278e-01  6.46624761e-01  7.85887075e-01  8.26493695e-01
   8.54898974e-01  9.10750078e-01  1.00000000e+00  9.35380814e-01
   8.30833924e-01]
 [ 5.10825186e-07  4.10038400e-01  4.96879385e-01  5.22037448e-01
   5.97686024e-01  6.25518724e-01  7.17651899e-01  7.33429313e-01
   7.21036957e-01  7.92277084e-01  9.35380814e-01  1.00000000e+00
   9.39544715e-01]
 [-4.54279325e-05  3.88331763e-01  4.86988770e-01  5.16270152e-01
   6.38627181e-01  6.52067104e-01  6.87056703e-01  6.77268552e-01
   6.32872718e-01  6.95400301e-01  8.30833924e-01  9.39544715e-01
   1.00000000e+00]]
-----------------------------------------------------------------
Generate svg files for CodeBERT
Loading json activations from /work/LAS/jannesar-lab/arushi/Interpretability/interpretability-of-source-code-transformers/Clone-Detection/dataset/stratified/activations/codebert/train_activations.json...
90032 13.0
Length of CodeBERT activations: 90032
The number of neurons for each token in CodeBERT: 9984
Total number of tokens:90032
hsic_matrix:
[[ 1.00000000e+00  5.42069343e-01  1.66170428e-02 -8.12277809e-02
  -4.71451993e-02  1.08786907e-01  4.57208679e-02 -6.88298923e-02
  -5.13056985e-02 -4.13053826e-05 -2.18324397e-05 -2.11662131e-06
  -8.24713350e-07]
 [ 5.42069034e-01  1.00000000e+00 -2.68376946e+00  2.26511342e+00
   2.63295515e+00  8.11723677e-01  8.22900358e-01  1.25406057e+00
   3.58876534e-01  3.00919039e-01  3.19036484e-01  2.77979546e-01
   2.82588112e-01]
 [ 1.66168781e-02 -2.68376940e+00  1.00000000e+00  1.23301855e+00
   1.29161995e-01  2.97053823e-01  2.31415005e-01 -4.57243255e-01
   1.83383737e-02  4.26607596e-02  4.56605223e-02  4.03189107e-02
   4.04254533e-02]
 [-8.12277306e-02  2.26511357e+00  1.23301857e+00  1.00000000e+00
   5.77454590e-01  1.19436621e+00  5.16932434e-01  1.69663705e-01
   6.61220635e-02  1.18641494e-01  1.31428286e-01  1.14952699e-01
   1.14604822e-01]
 [-4.71452007e-02  2.63295517e+00  1.29161989e-01  5.77454596e-01
   1.00000000e+00  7.91209356e-01  5.81591907e-01  2.22522041e-01
   1.65936423e-01  1.20246455e-01  1.29116898e-01  1.12233249e-01
   1.11768475e-01]
 [ 1.08786922e-01  8.11723661e-01  2.97053813e-01  1.19436623e+00
   7.91209356e-01  1.00000000e+00  6.75479339e-01  7.09207676e-01
   3.50185715e-01  3.64596649e-01  4.72046800e-01  4.17010820e-01
   4.11652488e-01]
 [ 4.57208931e-02  8.22900356e-01  2.31415015e-01  5.16932437e-01
   5.81591910e-01  6.75479341e-01  1.00000000e+00  7.87816024e-01
   4.28910482e-01  4.35227524e-01  4.48568646e-01  3.86740632e-01
   4.04362482e-01]
 [-6.88299337e-02  1.25406058e+00 -4.57243251e-01  1.69663709e-01
   2.22522038e-01  7.09207675e-01  7.87816024e-01  1.00000000e+00
   7.45034916e-01  7.06883704e-01  6.96095521e-01  5.90941466e-01
   6.01816176e-01]
 [-5.13056990e-02  3.58876534e-01  1.83383759e-02  6.61220653e-02
   1.65936422e-01  3.50185716e-01  4.28910482e-01  7.45034916e-01
   1.00000000e+00  8.81161101e-01  7.91402713e-01  7.07040521e-01
   6.58701456e-01]
 [-4.13053037e-05  3.00919039e-01  4.26607596e-02  1.18641494e-01
   1.20246455e-01  3.64596649e-01  4.35227524e-01  7.06883704e-01
   8.81161101e-01  1.00000000e+00  9.38774781e-01  8.35504627e-01
   7.73392412e-01]
 [-2.18324042e-05  3.19036484e-01  4.56605223e-02  1.31428286e-01
   1.29116898e-01  4.72046800e-01  4.48568646e-01  6.96095521e-01
   7.91402713e-01  9.38774781e-01  1.00000000e+00  9.40454970e-01
   8.63927403e-01]
 [-2.11662044e-06  2.77979546e-01  4.03189107e-02  1.14952699e-01
   1.12233249e-01  4.17010820e-01  3.86740632e-01  5.90941466e-01
   7.07040521e-01  8.35504627e-01  9.40454970e-01  1.00000000e+00
   9.36099264e-01]
 [-8.24718249e-07  2.82588112e-01  4.04254533e-02  1.14604822e-01
   1.11768475e-01  4.11652488e-01  4.04362482e-01  6.01816176e-01
   6.58701456e-01  7.73392412e-01  8.63927403e-01  9.36099264e-01
   1.00000000e+00]]
-----------------------------------------------------------------
Generate svg files for GraphCodeBERT
Loading json activations from /work/LAS/jannesar-lab/arushi/Interpretability/interpretability-of-source-code-transformers/Clone-Detection/dataset/stratified/activations/graphcodebert/train_activations.json...
90032 13.0
Length of GraphCodeBERT activations: 90032
The number of neurons for each token in GraphCodeBERT: 9984
Total number of tokens:90032
